$ANSIBLE_VAULT;1.1;AES256
61616431373731376465633664353364653532313265613137633263653839643832366261313735
3462333932643531633563353034353361643137306134320a336136623133633063393764356161
38313635646336353130656439663030623566353961623465393838373464616338373033646661
6163636137316465300a663239353130313533323465343864353533643231393535303735383037
35643962333366633433336332653261616264643764643239326234343665643033363136653930
32353830313963643831373830376236653135303839306131366438613832396266303834376135
30643132313831303339643733666238643164326661633062643866356430383635386137396537
66393636653531323066303564633264326537636631333264346538393633343462346531353965
30653536343263313365313030383533633264353636323262326664643036323034396639383863
30326433303463376165626131646639363338303364343062613961346635303630346164393065
37323166333661656332356134636536646536353364316335313161653162326437643463333762
34653632376562616231363534346462343433333465336433653238623337326437653931643936
35336264623364643036353461376139323365316463306330333531383734633530626266376165
37393338656162323035633561346138356134363564333834633632383339363238356535346335
323739353931373166666462643830656532
