$ANSIBLE_VAULT;1.1;AES256
63366534626366346162366534326563323033663930333962356531353336383834393036653032
3266326662343833373666646661346534393837346664390a643135363332666263353737383633
31393730636266323364376262376331643165333539626663333036376663333561353961663133
3664643836623634300a336665346134626464626265376233373737336664643330636531366439
35313739373232623163313064343339363335626665633832623536373961383263343664303531
62656633613835366462613565393135626338623231356433646562356535616562653330333165
38306630343164343865613461353636633431393739623631336166346639376635633833323363
62303339346139323163633138633963643637363532396434656435666137303230383739616332
33353338663965343166623663363237346565386634393338316334353532633562653030333261
64326565393665366637333136616630613431663832396266383030353462393037343935373635
30626136633338353435323236663464306337343632363562316161666563663364323834346137
33643662313566373434653139333737373331643634316438633530383634636132653033376534
39343037386235643630666262363433613061616161663964646661393662366330356666343937
64653361663939383338323131316133363166343535366530623436653836373065373730303830
63306664363834643435333361356132313962636661353135333137326662623233336464343030
39613736316635623533653233366239303932333130663433663839333533363164313739383632
64663063346666663462353564353639323266363366376664306231623235616633653330346534
30393232323536373161383132316166343334396533383163643064656634363334646539303235
38636239666365636434653232653832623034353433383364633261333832386537323735393035
32323132303837396434643336336339666565373866646161323733373765623739363430396463
64396136613666653462323862306464653562663135623361656564396165653531383738393932
33383264663133396231313234366135343234316461623038303235306162626163383435333861
36386565653139666261626230346165666361653637636139643538306539646331363336356530
35633038656337303264393939643333373562343665386430633061323964353166306235626466
36636134633863613361363136383438353461356661336536383865356637333133393631346462
37303663303936376534323439626334303832336635356262633566663636353462303735363038
66353436616236613961363432306666653030363863313463643137336333343634643330323431
38353737333238636235323139326265313739353536316263333039646536333932653630663636
35363339356362326332373461356331306332656230323565303466313735316534353732313666
66343436373565363635636361313830356234666462393163333532643131346539616139376139
63663736396232353231636632313161356235356365316664653332353962646366316362343830
35383631366365633833383066303361393462346665383033656532653864363438653764343539
33313561626336636266346331623565313639393438393037646534613836353732306665623236
36343363336630653265653238316631363864623934643565626433343263646465303362353131
63356466636363346463643165396662303464373863386165653936313439643261363662316636
61306533356431613536373263363265643632366165633561656266303035393230356565323935
33313738613863386465306166663836663130363561343830643732623734656434306434353234
32373066326535373433626364653466306132333336363261366439646137636134383430393533
39626638383636633862353866653133363131613162613564616539643638663937316432646437
64386535666131343161353463313730366364643235303236323865623537316430646334663339
32633934393630313932616561613665663431393237383035373430313464623137636233663438
65373730393637366637366663626461623961353434303435383738616133663938326335316638
37663563653236353964656633306233373962383036636664363935346461636266373266626566
37383037313632323537666531383266323636353037363939363130613232313631333961363037
39616466663461343133633636336437323435623266306537623830363263646664656463613432
30313831313362386361356634386236386434663464396565373464333936306231313564396233
33396139633036633566646366306663363530316639663235363265633630643030386534316634
33393432633133646639353363613633613566646638633030663830643063636633663666613934
63643634396661303733343838333930373036626364376130383838663064646162653738663962
63323332633962386537623033373263626431656233363930656238333137376361376263336264
65353532376635663731336435393465353066303835643438626166313633656431383661663164
36373538393836383139333933666236626231613239636639363965643765653666333132663066
65643863363832336132363438386261303162306338353630393766663638313637376164313134
39336138376431353434623538616661333735666630363637366164623730613865613662656535
39343736396462303339343033323665346138643538366431613166323739353866613938333834
36623838313330623930303330643137383561643935326639636666383866383130313539633435
61663331616130613462626131643933643862623264383465336330303930346230316164363130
63343462346364333763313164353532326265303836373137336466616233623130643036666463
39666639643433393461316666303638373566643337303339623962656363393362666161623932
30633461346437393636643830636662373131623838363464363934666334303632646336643731
61303936616333363737323630303765626539666139393535336136613165643661346265636430
62613137393738356131666235336635643633383463313165663932646164666662613531356634
34356630306438363734616231633433366165363138363566343462643733366235346433663065
65633761653263623562396536363130643961303337643061353631383231343861333036643231
30393165633064383936353166323865666230303264623166383964323931643962376365663266
34393664656635646366323661313665646664346130376561656231383736376464373130626563
32633539323264393366323737643037623861623539633731356638386239366161313534393965
32363539646363653038363334366333633835373739656630333162613032343061353336636538
38623264336431323861656336323438633736613231616163653634396639376162646465323231
36663961623938656531663338623137326533663431623461633861333265633437383536313735
61333462326161346265346366383435313730356561666539633336353031396332626463373239
34643965653831303865373238313862653531633630623633646561646635613064663263663033
31313636663333653433363934366666323464633665623364396162396263623565626363646538
63383064326133383732383339316533333836626334396264616539393935663230366466386161
61666135396532323362323639323665346235663466343236333465663565333961383536663932
61333461333830663931373337306431633163393565326561346361323162633237653633356566
63653231323933353337373530613266646434356634666531376633343734663564356639643962
61393465323735333939633838336131326339353234343835353935363036666130633964643431
64393565383862376236626366643939663033313066303761396261363566323332643563613237
39356635623433353239353432386165633133316264383962346232366264636633646330626338
64323337643565313939643464343939316466343931363336316139666534613166333734616665
38353565346263626239386636666535396562393935336136643437313363623166306432666535
336233383465396361393365353638636530
