$ANSIBLE_VAULT;1.1;AES256
32653866303163633561613030366238653663616335303161613961373161663038313632393833
3139633930396333373562333761623439613864313262340a323835373464326137623532663539
63316337376333353930636236666366653733336163313436373135363536653165653566613831
3332653036313332360a353666376164623866656133326132343835663237353164306334333739
37333637346133623031363763303433303938323632643934636132343864353162623766316139
34323531643263366432636661616463383530626361366666346332363331633836653136313035
37626538323034646165333734316632323839353838363631393830396637656264393030656461
65663437613863653164616337393539356133663461373832646533656632396531383333653061
63376234643232623333373335323962386265313734646162663863343432336234636665656335
66336532653764656531393633643936666665373266386136386666653161613533346330306363
66663935643463343732356639646232623732643235316636646132343432333631313062626537
63623538336133373130656239323439636364353362383532346230643836633030613635356130
31393233663830353163633966323661336162653639656234393138643064616236366230666539
65613230613139386464666563623835656235383537663461376333326632666638613732326636
63616433623635633838313436383734313666613861376633613630636234396364666165636464
64643333643966343765373731663463643336353365356632303434306235363236643165356633
39316535653435366234323865396635383565646536353639303365653966343364383038663335
37393836326263663137306130363435633132333930326363623538376161353334303635383139
30346235663937633333663264613461363366363538393034646631353463313939343731336638
66616133316363303263303462343833663364643736343630663438383963653735383366653839
31383365393332623535656136376562366631306334313362376563363562363366633663323739
35353435393539623030383239663732366235376561353163376637313734396563623965353435
63323163633464396661313763306439373439313661626135386163353731633162396565643736
65383332343830643930346533353961633133643436323434376463343931626135636336643336
31333164313462316632396666663433633339623735636338313961343363316137313765323131
37333435613138303735633635313035323433643734336634636139353661303631646137656566
34613666376664653535666666346639393139353739336466616663343635376264386135663537
35386531323634633266383432613338643438323031613763636235656437393732646534326437
37306630303031336335316130376236353631393131626631333138326337373664623131653330
34616537656439646435326163333937313137396136353837393633383839633761643038653234
35633963666239383762396231363332653364386438623338323530396464343465653662663863
39356239376231363061306233663834366330643766343261303438396539653835373064363836
63356232623733333837343235626534333365353562373438646136383031393232303735646234
37386465313234306366303839396337633634306662393161373864643235393765336663343263
62336661326637303137363662333232366161623039393866376338396663626665393838656564
66623334383430626236393037323963383030313732373432313839323438303566383837306631
36343664336164326165663635616632336561363233343330343232346333353661633635396662
64383036656133373431303338376164323132633937663264346337396165343663323266323365
33336131363261323063363966306230363462386336313938303138353032323937303039353430
37666636663538313463623363643830646364383132616165653339323439313366363337656166
31336661346463633730616261323435333737376566333733613664346166343661393064356561
35666361623339393264376462653266306235313630393535353130656130613034656633356531
38643337343662386131363362303763333234643635336234386264336230636430613461326239
65626361626264353065313264353566323432653932306265386564313265653838363138656262
37363230383762306135663836316465643363376633643335353232353464653963343763313734
62363835653834313030623664333533393166376565656537336533633630363335333862313535
30306538626665366639653833326161393364393932353933643065623535343662636666373364
31343537313730626461383235396365383564313565636437633865636663313830616439363266
39353366333632303233633864626430666566613737373032336438366130326431393338643836
62386332356433316332643161323031323863383461666466616332663334653637336636313333
65336634376431396661303338316464383166363666643765623966636431393932356338396130
30646465633663343861383336353266346233383737326231623235333237656665313138366234
62643736313165303930343666393734383066323963303363663134303634316333663133396433
30386233633333613265636538613639363564336362393332336632653939383664646165326265
31393736366161386436643662633330633134383064646639613864386263326561613130653665
34346630643062333734643834316536656162346434396439316332623462343863336666313732
35356630326135316262633666633936356162623735646433666439323064376639633061383638
65653733323335333166643138653265643730346535376534336637626538316431383234313332
61323834303231636361613132613461333037646164313964666639323739376231636663323838
37346233663565306636396364643232323366663037653737646463346630366636333834623634
34383434393931303633356530643961653334386531313163343132656433376233386662373537
65626631636532313865373862323533663131306637376239623831353533643038306565363937
31326365643035383565653333356630303766386635336231376537373338653437363063343531
66316336356661656236393532616438363234333939626161383233623733346462653137376562
38643933376532663631633466366530336538616665633363643566373563636162623238656430
31336161383466393864383662376539633464636463313539366631633736643139313331323063
37396334333139653936643735393034613231636565353464633165353562363632393338363333
61356430623731356563306236323333363735303732373430393562643665343761306435656132
36343831356435653163333166633662346237646431643966356463333262646636313164373264
38303031333131313337313531623861346238643964643465323234623263613738633833396162
61383632646537363633383161326263313030383736663834306332323965386266636161616537
37633736636334633034346663396231356536613861663833616138373832343166643537636431
35616463376565613437356438396633663434373538353235353266306538396233316264643864
32393132653736306462656533343132636639383936653062633938623939666231383064633539
66346438303236653333643261373135613434633366623865316134366537636132633936373665
62616336323234636263646464616332353030396466626339323338623932333461396138623936
6138
